743.436391513821
806.85156898124
549.9456056645454
729.7527943999644
737.124467244618
684.1746588699621
609.4648681568506
875.5872032038866
548.4234088669389
796.5469618157114
668.9395321871542
559.2383196982848
1117.1973322417277
630.3172222605067
458.3182305770142
548.4144009018262
818.0414263263214
521.3232639326067
457.6701633075279
571.7351254787278
531.8568768664088
710.996445347017
564.3639371667826
547.9349667346753
825.9940365115193
719.3582951832731
914.4419438415013
807.6853461416448
594.84879709651
695.039328125469
724.862427456491
795.6114471587201
555.0637301521015
500.4856928842668
745.0338384576551
653.7390193078224
615.8657353918082
485.18418965421347
447.98956227297975
493.2331522659352
782.0438214859116
663.9506591844349
762.5067644936648
598.3347244521046
476.4805747711392
766.1733380233703
590.9463741503732
867.6876402083857
830.4596735252658
886.6940548629733
790.4788706810693
573.9637422651808
456.15798007224487
461.4955642268814
629.875168994351
621.3074787697458
651.7565368243186
546.8506397767711
664.0137408587599
617.072696023293
472.9553563546277
745.5926532324792
510.1655799731256
568.709774580607
590.8348636151553
620.221156254723
384.91957481422673
831.2245373718566
