0.21869399549483237
0.22542952975707015
0.22331708275687212
0.22426008649154514
0.2231885559126131
0.22035618054110612
0.2259314051314966
0.22390170887843378
0.2225040519939684
0.22322198408626037
0.22653276148413035
0.2216640947096701
0.22124008932061542
0.2211782796058192
0.22231793645888503
0.2234405730245337
0.2235028014889658
0.21950542991921337
0.223902960726892
0.221446933427345
0.2210719193985213
0.22415616352961007
0.22324611156829385
0.22632605205180803
0.2249811970745958
0.22116665120349763
0.22526960186104275
0.22054269218813383
0.22366605832505582
0.22628063541739735
0.22252363872839442
0.22372151187646871
0.2256703105673734
0.22185512894252216
0.22516147034572387
0.220134394390306
0.22030986363350202
0.2215074845659199
0.2243320579007109
0.22500030111783603
0.22569799227024445
0.2209582531741306
0.2242903197879222
0.22196331887897144
0.22099189244226605
0.22222880623551575
0.22244659260804975
0.2230388455108793
0.22401403673072615
0.2227372185650792
0.2239978554755894
0.22265048996249495
0.22082176114291524
0.22641373897539274
0.22219289128364786
0.22474697890328066
0.22082194536209487
0.2275156578354871
0.22841734306485667
0.21886703437134655
0.2201558579760256
0.2221463161077835
0.22615996403480643
0.2234503303144151
0.22247056238083188
0.22314698535051428
0.22250365171192296
0.22295890715140015
0.22206381591223578
0.2235640407180481
0.2204450916872223
0.2227942010582383
0.22627534437726046
0.22137276534396194
0.22176263830078435
0.2242600929929313
0.22274718180235262
0.22458224097040416
0.22145010391150965
0.22268905377051215
0.22513670062840874
0.22230030682835497
0.2247468356622943
0.2256627991191868
0.2211727639362375
0.22261256219418063
0.22169955547398595
0.2251762746930567
0.22384660225957315
0.22187697058960573
0.22118007376599413
0.2227434040283534
0.22297339812556563
0.22137340892161897
0.22280297422809386
0.22393290055141266
0.22099094222317625
0.2231789651964265
0.22306811604609114
0.22268894869190797
